00000
00000
00000
00000
00000
00000
00000
00000
00000
00000
00000
00000
00000
00000
00000
00000
00000
00000
00000
00000
00000
00000
00000
00000
00000
00000
00000
00000
00000
00000
00000
00000
00000
00000
00000
00000
00000
00000
00000
00000
00000
00000
00000
00000
00000
00000
00000
00000
00000
00000
00000
00000
00000
00000
00000
00000
00000
00000
00000
00000
00000
00000
00000
00000
00000
00000
00000
00000
00000
00000
00000
00000
00000
00000
00000
00000
00000
00000
00000
00000
00000
00000
00000
00000
00000
00000
00000
00000
00000
00000
00000
00000
00000
00000
00000
00000
00000
00000
00000
00000
00000
00000
00000
00000
00000
00000
00000
00000
00000
00000
00000
00000
00000
00000
00000
00000
00000
00000
00000
00000
00000
00000
00000
00000
00000
00000
00000
00000
00000
00000
00000
00000
00000
00000
00000
00000
00000
00000
00000
00000
00000
00000
00000
00000
00000
00000
00000
00000
00000
00000
00000
00000
00000
00000
00000
00000
00000
00000
00000
00000
00000
00000
00000
00000
00000
00000
00000
00000
00000
00000
00000
00000
00000
00000
00000
00000
00000
00000
00000
00000
00000
00000
00000
00000
00000
00000
00000
00000
00000
00000
00000
00000
00000
00000
00000
00000
00000
00000
00000
00000
00000
00000
00000
00000
00000
00000
00000
00000
00000
00000
00000
00000
00000
00000
00000
00000
00000
00000
00000
00000
00000
00000
00000
00000
00000
00000
00000
00000
00000
00000
00000
00000
00000
00000
00000
00000
00000
00000
00000
00000
00000
00000
00000
00000
00000
00000
00000
00000
00000
00000
00000
00000
00000
00000
00000
00000
00000
00000
00000
00000
00000
00000
00000
00000
00000
00000
00000
00000
00000
00000
00000
00000
00000
00000
00000
00000
00000
00000
00000
00000
00000
00000
00000
00000
00000
00000
00000
00000
00000
00000
00000
00000
00000
00000
00000
00000
00000
00000
00000
00000
00000
61615
60606
4D4D5
76767
3D3D4
00000
00000
00000
00000
00000
00000
00000
00000
00000
00000
00000
00000
00000
00000
00000
00000
00000
00000
00000
5A5A5
8A8A8
EBEBF
EBEBF
EBEBF
EBEBF
EBEBF
EBEBF
FBFC0
FBFC0
F8F8F
FEFEF
F5F5F
EBEBF
BEBEB
15151
00000
00000
00000
00000
00000
00000
00000
00000
00000
00000
00000
00000
00000
00000
00000
8C8C9
FBFC0
FEFEF
FEFEF
FEFEF
FEFEF
FEFEF
FEFEF
FEFEF
FEFEF
FEFEF
FEFEF
FEFEF
FEFEF
FEFEF
FEFEF
BDBDB
17171
00000
00000
00000
00000
00000
00000
00000
00000
00000
00000
00000
00000
00000
00000
E2E2E
FEFEF
D0D0C
C7C7C
C7C7C
C7C7C
C7C7C
8B8B8
3D3D4
3D3D4
3D3D4
3D3D4
3D3D4
80808
DEDED
FEFEF
FEFEF
BDBDB
15151
00000
00000
00000
00000
00000
00000
00000
00000
00000
00000
00000
00000
00000
26262
52525
0D0D0
00000
00000
00000
00000
00000
00000
00000
00000
00000
00000
00000
22221
D5D5D
FEFEF
FEFEF
73736
00000
00000
00000
00000
00000
00000
00000
00000
00000
00000
00000
00000
00000
00000
00000
00000
00000
00000
00000
00000
00000
00000
00000
00000
00000
00000
00000
00000
54545
FEFEF
FEFEF
EAEAE
00000
00000
00000
00000
00000
00000
00000
00000
00000
00000
00000
00000
00000
00000
00000
00000
00000
00000
00000
00000
00000
00000
00000
00000
00000
00000
00000
00000
54545
FEFEF
FEFEF
EAEAE
00000
00000
00000
00000
00000
00000
00000
00000
00000
00000
00000
00000
00000
00000
00000
00000
00000
00000
00000
00000
00000
00000
00000
00000
00000
00000
00000
6A6A6
9D9D9
FEFEF
FEFEF
F3F3F
33333
00000
00000
00000
00000
00000
00000
00000
00000
00000
00000
00000
00000
00000
00000
00000
00000
00000
00000
00000
00000
00000
19191
75757
E4E4E
E4E4E
E4E4E
FDFE0
FEFEF
FEFEF
FEFEF
FEFEF
F0F0F
00000
00000
00000
00000
00000
00000
00000
00000
00000
00000
00000
00000
00000
00000
00000
00000
00000
00000
00000
44444
77777
DCDCD
FEFEF
FEFEF
FEFEF
FEFEF
FEFEF
FEFEF
FEFEF
FEFEF
FEFEF
8E8E9
00000
00000
00000
00000
00000
00000
00000
00000
00000
00000
00000
00000
00000
00000
00000
00000
00000
25252
BBBBB
FDFE0
FEFEF
FEFEF
FEFEF
DFDFE
CECEC
CECEC
4B4B5
44444
D7D7D
FEFEF
FEFEF
75757
00000
00000
00000
00000
00000
00000
00000
00000
00000
00000
00000
00000
00000
00000
00000
00000
71716
DBDBE
FEFEF
F2F2F
E3E3E
73736
59595
1F1F2
00000
00000
00000
00000
C8C8C
FEFEF
F1F1F
29292
00000
00000
00000
00000
00000
00000
00000
00000
00000
00000
00000
00000
00000
00000
00000
00000
A9A9A
FEFEF
B0B0A
3E3E3
00000
00000
00000
00000
00000
00000
00000
30302
E7E7E
FEFEF
EAEAE
00000
00000
00000
00000
00000
00000
00000
00000
00000
00000
00000
00000
00000
00000
00000
00000
00000
12120
7C7C8
00000
00000
00000
00000
00000
00000
00000
00000
00000
54545
FEFEF
FEFEF
A6A6A
00000
00000
00000
00000
00000
00000
00000
00000
00000
00000
00000
00000
00000
00000
00000
00000
00000
00000
00000
00000
00000
00000
00000
00000
00000
00000
00000
00000
8B8B8
FEFEF
EEEEE
39393
00000
00000
00000
00000
00000
00000
00000
00000
00000
00000
00000
00000
00000
00000
00000
00000
00000
00000
00000
00000
00000
00000
00000
00000
00000
00000
00000
D2D2C
FAFAF
FEFEF
A8A8B
00000
00000
00000
00000
00000
00000
00000
00000
00000
00000
00000
00000
00000
00000
00000
00000
00000
00000
00000
00000
00000
00000
00000
00000
00000
00000
00000
00000
F2F2F
FEFEF
EFEFF
39393
00000
00000
00000
00000
00000
00000
00000
00000
00000
00000
00000
00000
00000
00000
00000
00000
00000
00000
00000
00000
00000
00000
00000
00000
00000
00000
00000
59595
FBFC0
F1F1F
56565
00000
00000
00000
00000
00000
00000
00000
00000
00000
00000
00000
00000
00000
00000
00000
00000
00000
00000
00000
00000
00000
00000
00000
00000
00000
00000
00000
05050
CECEC
F6F6F
9D9D9
00000
00000
00000
00000
00000
00000
00000
00000
00000
00000
00000
00000
00000
00000
00000
00000
00000
00000
00000
00000
00000
00000
00000
00000
00000
00000
00000
00000
0403F
75757
45454
00000
00000
00000
00000
00000
00000
00000
00000
00000
00000
00000
00000
00000
00000
00000
00000
00000
00000
00000
00000
00000
00000
00000
00000
00000
00000
00000
00000
00000
00000
00000
00000
00000
00000
00000
00000
00000
00000
00000
00000
00000
00000
00000
00000
00000
00000
00000
00000
00000
00000
00000
00000
00000
00000
00000
00000
00000
00000
00000
00000
00000
00000
00000
00000
00000
00000
00000
00000
00000
00000
00000
00000
00000
00000
00000
00000
00000
00000
00000
00000
00000
00000
00000
00000
00000
00000
00000
00000
00000
00000
00000
00000
00000
00000
00000
00000
00000
00000
00000
00000
00000
00000
00000
00000
00000
00000
00000
00000
00000

