000
000
000
000
000
000
000
000
000
000
000
000
000
000
000
000
000
000
000
000
000
000
000
000
000
000
000
000
000
000
000
000
000
000
000
000
000
000
000
000
000
000
000
000
000
000
000
000
000
000
000
000
000
000
000
000
000
000
000
000
000
000
000
000
000
000
000
000
000
000
000
000
000
000
000
000
000
000
000
000
000
000
000
000
000
000
000
000
000
000
000
000
000
000
000
000
000
000
000
000
000
000
000
000
000
000
000
000
000
000
000
000
000
000
000
000
000
000
000
000
000
000
000
000
000
000
000
000
000
000
000
000
000
000
000
000
000
000
000
000
000
000
000
000
000
000
000
000
000
000
000
000
000
000
000
000
000
000
000
000
000
000
000
000
000
000
000
000
000
000
000
000
000
000
000
000
000
000
000
000
000
000
000
000
000
000
000
000
000
000
000
000
000
000
000
000
000
000
000
000
000
000
000
000
000
000
000
000
000
000
000
000
000
000
000
000
000
000
000
000
000
000
000
000
000
000
000
000
000
000
000
000
000
000
000
000
000
000
000
000
000
000
000
000
000
000
000
000
000
000
000
000
000
000
000
000
000
000
000
000
000
000
000
000
000
000
000
000
000
000
000
000
000
000
000
000
000
000
000
000
000
000
000
000
000
000
000
000
000
000
000
000
000
000
000
000
000
000
000
000
000
616
606
4D4
767
3D3
000
000
000
000
000
000
000
000
000
000
000
000
000
000
000
000
000
000
000
5A5
8A8
EBE
EBE
EBE
EBE
EBE
EBE
FBF
FBF
F8F
FEF
F5F
EBE
BEB
151
000
000
000
000
000
000
000
000
000
000
000
000
000
000
000
8C8
FBF
FEF
FEF
FEF
FEF
FEF
FEF
FEF
FEF
FEF
FEF
FEF
FEF
FEF
FEF
BDB
171
000
000
000
000
000
000
000
000
000
000
000
000
000
000
E2E
FEF
D0D
C7C
C7C
C7C
C7C
8B8
3D3
3D3
3D3
3D3
3D3
808
DED
FEF
FEF
BDB
151
000
000
000
000
000
000
000
000
000
000
000
000
000
262
525
0D0
000
000
000
000
000
000
000
000
000
000
000
222
D5D
FEF
FEF
737
000
000
000
000
000
000
000
000
000
000
000
000
000
000
000
000
000
000
000
000
000
000
000
000
000
000
000
000
545
FEF
FEF
EAE
000
000
000
000
000
000
000
000
000
000
000
000
000
000
000
000
000
000
000
000
000
000
000
000
000
000
000
000
545
FEF
FEF
EAE
000
000
000
000
000
000
000
000
000
000
000
000
000
000
000
000
000
000
000
000
000
000
000
000
000
000
000
6A6
9D9
FEF
FEF
F3F
333
000
000
000
000
000
000
000
000
000
000
000
000
000
000
000
000
000
000
000
000
000
191
757
E4E
E4E
E4E
FDF
FEF
FEF
FEF
FEF
F0F
000
000
000
000
000
000
000
000
000
000
000
000
000
000
000
000
000
000
000
444
777
DCD
FEF
FEF
FEF
FEF
FEF
FEF
FEF
FEF
FEF
8E8
000
000
000
000
000
000
000
000
000
000
000
000
000
000
000
000
000
252
BBB
FDF
FEF
FEF
FEF
DFD
CEC
CEC
4B4
444
D7D
FEF
FEF
757
000
000
000
000
000
000
000
000
000
000
000
000
000
000
000
000
717
DBD
FEF
F2F
E3E
737
595
1F1
000
000
000
000
C8C
FEF
F1F
292
000
000
000
000
000
000
000
000
000
000
000
000
000
000
000
000
A9A
FEF
B0B
3E3
000
000
000
000
000
000
000
303
E7E
FEF
EAE
000
000
000
000
000
000
000
000
000
000
000
000
000
000
000
000
000
121
7C7
000
000
000
000
000
000
000
000
000
545
FEF
FEF
A6A
000
000
000
000
000
000
000
000
000
000
000
000
000
000
000
000
000
000
000
000
000
000
000
000
000
000
000
000
8B8
FEF
EEE
393
000
000
000
000
000
000
000
000
000
000
000
000
000
000
000
000
000
000
000
000
000
000
000
000
000
000
000
D2D
FAF
FEF
A8A
000
000
000
000
000
000
000
000
000
000
000
000
000
000
000
000
000
000
000
000
000
000
000
000
000
000
000
000
F2F
FEF
EFE
393
000
000
000
000
000
000
000
000
000
000
000
000
000
000
000
000
000
000
000
000
000
000
000
000
000
000
000
595
FBF
F1F
565
000
000
000
000
000
000
000
000
000
000
000
000
000
000
000
000
000
000
000
000
000
000
000
000
000
000
000
050
CEC
F6F
9D9
000
000
000
000
000
000
000
000
000
000
000
000
000
000
000
000
000
000
000
000
000
000
000
000
000
000
000
000
040
757
454
000
000
000
000
000
000
000
000
000
000
000
000
000
000
000
000
000
000
000
000
000
000
000
000
000
000
000
000
000
000
000
000
000
000
000
000
000
000
000
000
000
000
000
000
000
000
000
000
000
000
000
000
000
000
000
000
000
000
000
000
000
000
000
000
000
000
000
000
000
000
000
000
000
000
000
000
000
000
000
000
000
000
000
000
000
000
000
000
000
000
000
000
000
000
000
000
000
000
000
000
000
000
000
000
000
000
000
000
000

